帳號 交易日 摘要 提款金額 存款金額 餘額 交易行庫 備註 支票號碼 交易時間
1564717113360 1100628 跨行轉入  00000000000  00000003000  00001475792 B808 0000141979162619           000017
1564717113360 1100628 跨行轉入  00000000000  00000000500  00001476292 B808 0000783979159938           001547
1564717113360 1100628 跨行轉入  00000000000  00000000500  00001476792 B808 0000783979159938           001649
1564717113360 1100628 跨行轉入  00000000000  00000000500  00001477292 B808 0000783979159938           001805
1564717113360 1100628 跨行轉入  00000000000  00000000500  00001477792 B004 0000026008570031           003241
1564717113360 1100628 跨行轉入  00000000000  00000000500  00001478292 B807 0003001800053558           010719
1564717113360 1100628 跨行轉入  00000000000  00000002000  00001480292 B009 0052725125607900           031845
1564717113360 1100628 跨行轉入  00000000000  00000005000  00001485292 B009 0052725125607900           032843
1564717113360 1100628 跨行轉入  00000000000  00000001000  00001486292 B822 0000012540212265           045413
1564717113360 1100628 跨行轉入  00000000000  00000000200  00001486492 B812 0028881008898887           060414
1564717113360 1100628 跨行轉入  00000000000  00000001000  00001487492 B807 0015000400198824           071612
1564717113360 1100628 跨行轉入  00000000000  00000003000  00001490492 B007 0000070750576684           074239
1564717113360 1100628 跨行轉入  00000000000  00000001000  00001491492 B808 0000130966192478           075556
1564717113360 1100628 跨行轉入  00000000000  00000005000  00001496492 B008 8012003385210026           084036
1564717113360 1100628 跨行轉入  00000000000  00000019000  00001515492 B807 0001100400193287           085404
1564717113360 1100628 跨行轉入  00000000000  00000001000  00001516492 B808 0000303968003616           091213
1564717113360 1100628 跨行轉入  00000000000  00000003000  00001519492 B815 0001481018042800           092017
1564717113360 1100628 跨行轉入  00000000000  00000001000  00001520492 B012 0000200210853480           092638
1564717113360 1100628 跨行轉入  00000000000  00000001500  00001521992 B052 0002720000217267           093129
1564717113360 1100628 跨行轉入  00000000000  00000001000  00001522992 B009 0064025001286700           093448
1564717113360 1100628 金融卡轉  00000000000  00000006000  00001528992 1450 1450765380226              093620
1564717113360 1100628 跨行轉入  00000000000  00000030000  00001558992 B822 0000134540039944           093910
1564717113360 1100628 跨行轉入  00000000000  00000002000  00001560992 B005 0000121005223701           093945
1564717113360 1100628 跨行轉入  00000000000  00000000800  00001561792 B007 0000022168207358           094332
1564717113360 1100628 跨行轉入  00000000000  00000002000  00001563792 B108 0003202000035722           095838
1564717113360 1100628 跨行轉入  00000000000  00000001000  00001564792 B808 0000738968090892           100526
1564717113360 1100628 跨行轉入  00000000000  00000006000  00001570792 B009 0050439500104400           101432
1564717113360 1100628 跨行轉入  00000000000  00000000100  00001570892 B822 0000749540356656           103925
1564717113360 1100628 跨行轉入  00000000000  00000001200  00001572092 B021 0000006703550833           104118
1564717113360 1100628 跨行轉入  00000000000  00000000500  00001572592 B808 0000277979216100           104707
1564717113360 1100628 匯款      00000000000  00000000600  00001573192 B700 甘超英　　　　　           104753
1564717113360 1100628 跨行轉入  00000000000  00000001000  00001574192 B012 0000678168444970           104836
1564717113360 1100628 跨行轉入  00000000000  00000002000  00001576192 B700 0001014500724418           105108
1564717113360 1100628 跨行轉入  00000000000  00000002000  00001578192 B007 0000015050024348           105357
1564717113360 1100628 跨行轉入  00000000000  00000000200  00001578392 B700 0001210680441349           105456
1564717113360 1100628 匯款      00000000000  00000000500  00001578892 B808 許玉燕　　　　　           105527
1564717113360 1100628 網路轉帳  00000000000  00000000300  00001579192 B006 0903765527333              105757
1564717113360 1100628 跨行轉入  00000000000  00000001000  00001580192 B812 0028881001384493           110217
1564717113360 1100628 匯款      00000000000  00000003000  00001583192 B700 辛美娟　　　　　           110234
1564717113360 1100628 跨行轉入  00000000000  00000001000  00001584192 B013 0000699507736649           110623
1564717113360 1100628 跨行轉入  00000000000  00000001000  00001585192 B808 0000657979094086           110959
1564717113360 1100628 無摺現存  00000000000  00000002000  00001587192 3502 吳淑湘                     111025
1564717113360 1100628 跨行轉入  00000000000  00000000500  00001587692 B812 0020051010036455           111419
1564717113360 1100628 跨行轉入  00000000000  00000000200  00001587892 B812 0028881003007761           111550
1564717113360 1100628 跨行轉入  00000000000  00000000200  00001588092 B812 0028881003007761           111643
1564717113360 1100628 跨行轉入  00000000000  00000001000  00001589092 B808 0000598979044908           111951
1564717113360 1100628 跨行轉入  00000000000  00000001000  00001590092 B005 0000115005264211           112048
1564717113360 1100628 跨行轉入  00000000000  00000000500  00001590592 B812 0028881002472129           113302
1564717113360 1100628 跨行轉入  00000000000  00000000500  00001591092 B822 0000761540259650           113427
1564717113360 1100628 跨行轉入  00000000000  00000001000  00001592092 B805 0004300499466352           113910
1564717113360 1100628 跨行轉入  00000000000  00000002000  00001594092 B007 0000015050121734           114020
1564717113360 1100628 跨行轉入  00000000000  00000000500  00001594592 B812 0028881005764481           114534
1564717113360 1100628 無摺現存  00000000000  00000002000  00001596592 5159 公館禮儀社鄭珍珍           114758
1564717113360 1100628 無摺現存  00000000000  00000000300  00001596892 5159 張書豪                     114844
1564717113360 1100628 無摺現存  00000000000  00000000300  00001597192 5159 羅偉嘉                     114929
1564717113360 1100628 無摺現存  00000000000  00000000300  00001597492 5159 楊少淮                     115035
1564717113360 1100628 無摺現存  00000000000  00000000300  00001597792 5159 楊念淮                     115130
1564717113360 1100628 無摺現存  00000000000  00000000300  00001598092 5159 呂鎮邦                     115220
1564717113360 1100628 無摺現存  00000000000  00000000300  00001598392 5159 鄭湘甯                     115250
1564717113360 1100628 無摺現存  00000000000  00000000300  00001598692 5159 羅翊云                     115318
1564717113360 1100628 無摺現存  00000000000  00000000300  00001598992 5159 李冠融                     115400
1564717113360 1100628 跨行轉入  00000000000  00000001000  00001599992 B007 0000062957009437           115420
1564717113360 1100628 無摺現存  00000000000  00000000300  00001600292 5159 曹玉葳                     115452
1564717113360 1100628 無摺現存  00000000000  00000000300  00001600592 5159 詹育寧                     115527
1564717113360 1100628 無摺現存  00000000000  00000001000  00001601592 5159 林淑娟                     115601
1564717113360 1100628 跨行轉入  00000000000  00000002000  00001603592 B700 0001210680422295           115641
1564717113360 1100628 跨行轉入  00000000000  00000001000  00001604592 B822 0000392540344170           115726
1564717113360 1100628 跨行轉入  00000000000  00000002000  00001606592 B822 0000152536300915           115810
1564717113360 1100628 跨行轉入  00000000000  00000000500  00001607092 B812 0020121000329436           120135
1564717113360 1100628 跨行轉入  00000000000  00000000500  00001607592 B008 0000801200479787           120938
1564717113360 1100628 跨行轉入  00000000000  00000001000  00001608592 B054 0000069220136868           121701
1564717113360 1100628 跨行轉入  00000000000  00000003000  00001611592 B822 0000576540213700           122048
1564717113360 1100628 跨行轉入  00000000000  00000001000  00001612592 B822 0000271540025578           122623
1564717113360 1100628 跨行轉入  00000000000  00000001000  00001613592 B812 0008410120663300           123435
1564717113360 1100628 跨行轉入  00000000000  00000001000  00001614592 B700 0001111520108782           123702
1564717113360 1100628 跨行轉入  00000000000  00000002000  00001616592 B808 0000808968051594           124044
1564717113360 1100628 跨行轉入  00000000000  00000010000  00001626592 B007 0000019268203576           124609
1564717113360 1100628 跨行轉入  00000000000  00000001000  00001627592 B812 0021091000355944           124909
1564717113360 1100628 跨行轉入  00000000000  00000002000  00001629592 B808 0000646968119616           125205
1564717113360 1100628 跨行轉入  00000000000  00000030000  00001659592 B007 0000010757012362           125707
1564717113360 1100628 跨行轉入  00000000000  00000003000  00001662592 B822 0000901540566051           125930
1564717113360 1100628 跨行轉入  00000000000  00000001000  00001663592 B009 0040598610800600           130410
1564717113360 1100628 跨行轉入  00000000000  00000001000  00001664592 B822 0000819540231177           130655
1564717113360 1100628 跨行轉入  00000000000  00000001000  00001665592 B700 7002012352653372           130831
1564717113360 1100628 匯款      00000000000  00000006000  00001671592 B013 林佩穎　　　　　           131133
1564717113360 1100628 跨行轉入  00000000000  00000002000  00001673592 B812 0020451000056251           131915
1564717113360 1100628 跨行轉入  00000000000  00000001000  00001674592 B017 0000020813243289           132335
1564717113360 1100628 跨行轉入  00000000000  00000001500  00001676092 B012 0000757168084670           132440
1564717113360 1100628 跨行轉入  00000000000  00000002000  00001678092 B008 3465872077034              132453
1564717113360 1100628 跨行轉入  00000000000  00000001000  00001679092 B013 0000012556420333           133414
1564717113360 1100628 跨行轉入  00000000000  00000001000  00001680092 B700 0000715030380494           133730
1564717113360 1100628 跨行轉入  00000000000  00000006000  00001686092 B700 0000012400595609           134014
1564717113360 1100628 跨行轉入  00000000000  00000000500  00001686592 B004 0000059004342203           134506
1564717113360 1100628 跨行轉入  00000000000  00000000500  00001687092 B013 0000106506160785           134709
1564717113360 1100628 跨行轉入  00000000000  00000000500  00001687592 B013 0000255506109050           134859
1564717113360 1100628 跨行轉入  00000000000  00000000500  00001688092 B012 0000420168313100           135306
1564717113360 1100628 網路轉帳  00000000000  00000003000  00001691092 B007 耀得精密股份有限           135631
1564717113360 1100628 跨行轉入  00000000000  00000001000  00001692092 B812 0020731000072220           135653
1564717113360 1100628 跨行轉入  00000000000  00000000888  00001692980 B822 0000026540477889           140242
1564717113360 1100628 跨行轉入  00000000000  00000002000  00001694980 B013 0000699511480896           141723
1564717113360 1100628 跨行轉入  00000000000  00000001000  00001695980 B822 0000451540165944           141755
1564717113360 1100628 跨行轉入  00000000000  00000020000  00001715980 B808 0001207968000098           142632
1564717113360 1100628 跨行轉入  00000000000  00000003000  00001718980 B011 0028203000147576           142842
1564717113360 1100628 跨行轉入  00000000000  00000020000  00001738980 B009 0092835112274001           143017
1564717113360 1100628 匯款      00000000000  00000001000  00001739980 B700 陳賢娥　　　　　           143430
1564717113360 1100628 跨行轉入  00000000000  00000002000  00001741980 B822 0000347534150707           143812
1564717113360 1100628 跨行轉入  00000000000  00000003000  00001744980 B812 0020911066591537           144419
1564717113360 1100628 跨行轉入  00000000000  00000003000  00001747980 B822 0000300540009371           144700
1564717113360 1100628 跨行轉入  00000000000  00000001000  00001748980 B011 0030203000381618           145122
1564717113360 1100628 跨行轉入  00000000000  00000002000  00001750980 B012 0081680001413747           145249
1564717113360 1100628 跨行轉入  00000000000  00000010000  00001760980 B807 0010300400532795           150356
1564717113360 1100628 跨行轉入  00000000000  00000001500  00001762480 B822 0000129540607145           150422
1564717113360 1100628 跨行轉入  00000000000  00000001000  00001763480 B011 0026203000467520           150916
1564717113360 1100628 網路轉帳  00000000000  00000000600  00001764080 B006 5698765237004              151239
1564717113360 1100628 跨行轉入  00000000000  00000001000  00001765080 B012 0000360168132170           151308
1564717113360 1100628 跨行轉入  00000000000  00000003000  00001768080 B822 0000314540107625           151504
1564717113360 1100628 無卡存款  00000000000  00000000100  00001768180 0844 0927***646                 151625
1564717113360 1100628 跨行轉入  00000000000  00000010000  00001778180 B012 0000630120003422           152207
1564717113360 1100628 跨行轉入  00000000000  00000003000  00001781180 B700 0000712130112098           152540
1564717113360 1100628 跨行轉入  00000000000  00000005000  00001786180 B822 0000252540070432           152741
1564717113360 1100628 跨行轉入  00000000000  00000000200  00001786380 B808 0000130966126421           153646
1564717113360 1100628 跨行轉入  00000000000  00000010000  00001796380 B808 0000185440029928           154027
1564717113360 1100628 跨行轉入  00000000000  00000020000  00001816380 B808 0000185440029928           154027
1564717113360 1100628 跨行轉入  00000000000  00000001000  00001817380 B008 0000149200919251           154203
1564717113360 1100628 跨行轉入  00000000000  00000001000  00001818380 B008 0000149200919251           154331
1564717113360 1100628 跨行轉入  00000000000  00000003000  00001821380 B812 0020881000029067           154352
1564717113360 1100628 跨行轉入  00000000000  00000001000  00001822380 B822 0000015534064756           154638
1564717113360 1100628 跨行轉入  00000000000  00000003000  00001825380 B700 0024410071132253           154647
1564717113360 1100628 跨行轉入  00000000000  00000001000  00001826380 B822 0000853540283712           154929
1564717113360 1100628 匯款      00000000000  00000003000  00001829380 B005 葉正青　　　　　           155207
1564717113360 1100628 跨行轉入  00000000000  00000001000  00001830380 B700 0000912160073336           155827
1564717113360 1100628 跨行轉入  00000000000  00000001000  00001831380 B103 0000240501221399           160656
1564717113360 1100628 無摺現存  00000000000  00000001000  00001832380 0992 捐款                       161109
1564717113360 1100628 跨行轉入  00000000000  00000002000  00001834380 B809 0000012534404403           161345
1564717113360 1100628 金融卡轉  00000000000  00000001000  00001835380 5207 潘小薇                     161746
1564717113360 1100628 跨行轉入  00000000000  00000001000  00001836380 B050 0000015065015517           162613
1564717113360 1100628 跨行轉入  00000000000  00000001000  00001837380 B013 0000699506837981           163805
1564717113360 1100628 跨行轉入  00000000000  00000001000  00001838380 B812 0028881004539150           163826
1564717113360 1100628 跨行轉入  00000000000  00000002000  00001840380 B822 0000428540034338           163908
1564717113360 1100628 網路轉帳  00000000000  00000001000  00001841380 B006 5274899015950              163947
1564717113360 1100628 跨行轉入  00000000000  00000001000  00001842380 B700 0000415490123362           164229
1564717113360 1100628 跨行轉入  00000000000  00000001000  00001843380 B013 0000034506342076           164249
1564717113360 1100628 跨行轉入  00000000000  00000005000  00001848380 B822 0000129540411221           165039
1564717113360 1100628 跨行轉入  00000000000  00000000500  00001848880 B012 0000709168203143           165403
1564717113360 1100628 跨行轉入  00000000000  00000003000  00001851880 B822 0000635540048007           165422
1564717113360 1100628 跨行轉入  00000000000  00000002000  00001853880 B808 0000118979067750           165602
1564717113360 1100628 跨行轉入  00000000000  00000020000  00001873880 B803 0000026501098958           170505
1564717113360 1100628 跨行轉入  00000000000  00000001000  00001874880 B822 0000204540045994           170606
1564717113360 1100628 跨行轉入  00000000000  00000005000  00001879880 B822 0000129540411221           170906
1564717113360 1100628 跨行轉入  00000000000  00000020000  00001899880 B011 0072102000003200           171217
1564717113360 1100628 跨行轉入  00000000000  00000001000  00001900880 B013 0000114506120450           171250
1564717113360 1100628 跨行轉入  00000000000  00000000500  00001901380 B812 0028881003176571           171354
1564717113360 1100628 跨行轉入  00000000000  00000000200  00001901580 B808 0000417979047366           171953
1564717113360 1100628 跨行轉入  00000000000  00000000500  00001902080 B812 0028881007424250           172020
1564717113360 1100628 網路轉帳  00000000000  00000003000  00001905080 B050 潤昱企業股份有限           172021
1564717113360 1100628 跨行轉入  00000000000  00000001000  00001906080 B011 0014203000236774           172419
1564717113360 1100628 跨行轉入  00000000000  00000001000  00001907080 B013 0000272506092043           172733
1564717113360 1100628 跨行轉入  00000000000  00000001800  00001908880 B822 0000532540389445           173007
1564717113360 1100628 跨行轉入  00000000000  00000001200  00001910080 B013 0000108506286781           173129
1564717113360 1100628 跨行轉入  00000000000  00000005000  00001915080 B700 0000027170494121           174356
1564717113360 1100628 跨行轉入  00000000000  00000001000  00001916080 B822 0000668540115910           175923
1564717113360 1100628 跨行轉入  00000000000  00000000300  00001916380 B700 0000415490435114           180023
1564717113360 1100628 跨行轉入  00000000000  00000003000  00001919380 B700 0000019110068857           180055
1564717113360 1100628 跨行轉入  00000000000  00000001000  00001920380 B812 0028881005998793           181810
1564717113360 1100628 跨行轉入  00000000000  00000003000  00001923380 B700 0000024610085291           182338
1564717113360 1100628 跨行轉入  00000000000  00000010000  00001933380 B013 0000001506170563           183510
1564717113360 1100628 跨行轉入  00000000000  00000004200  00001937580 B822 0000129540411221           184142
1564717113360 1100628 跨行轉入  00000000000  00000001000  00001938580 B048 0001000292622888           184915
1564717113360 1100628 跨行轉入  00000000000  00000002000  00001940580 B822 0000613540135806           185543
1564717113360 1100628 跨行轉入  00000000000  00000000300  00001940880 B812 0028881006834563           185903
1564717113360 1100628 跨行轉入  00000000000  00000001000  00001941880 B021 0000006711724409           190151
1564717113360 1100628 跨行轉入  00000000000  00000010000  00001951880 B013 0000246506066661           190234
1564717113360 1100628 跨行轉入  00000000000  00000005000  00001956880 B803 0000030500080870           191422
1564717113360 1100628 跨行轉入  00000000000  00000001000  00001957880 B808 0000130979289350           191438
1564717113360 1100628 跨行轉入  00000000000  00000003000  00001960880 B009 0056785002075900           191902
1564717113360 1100628 跨行轉入  00000000000  00000002000  00001962880 B012 0000650168205702           192807
1564717113360 1100628 跨行轉入  00000000000  00000005000  00001967880 B812 0020051000180911           193253
1564717113360 1100628 跨行轉入  00000000000  00000003000  00001970880 B005 0000081005067065           193449
1564717113360 1100628 跨行轉入  00000000000  00000000800  00001971680 B700 0001012780146361           193942
1564717113360 1100628 跨行轉入  00000000000  00000001000  00001972680 B822 0000200532346809           194425
1564717113360 1100628 跨行轉入  00000000000  00000000500  00001973180 B807 0014000400682925           194522
1564717113360 1100628 跨行轉入  00000000000  00000000500  00001973680 B807 0014000400682925           194943
1564717113360 1100628 跨行轉入  00000000000  00000002000  00001975680 B822 0000141540302266           195726
1564717113360 1100628 跨行轉入  00000000000  00000001000  00001976680 B822 0000193540257482           195809
1564717113360 1100628 跨行轉入  00000000000  00000006500  00001983180 B700 7001909610408923           200212
1564717113360 1100628 跨行轉入  00000000000  00000010000  00001993180 B700 7001909610408923           200323
1564717113360 1100628 跨行轉入  00000000000  00000001000  00001994180 B004 0000052008084479           200656
1564717113360 1100628 跨行轉入  00000000000  00000002000  00001996180 B700 0001213750707230           200909
1564717113360 1100628 跨行轉入  00000000000  00000001000  00001997180 B013 0000011506211010           200909
1564717113360 1100628 跨行轉入  00000000000  00000000500  00001997680 B008 0000120200773318           201723
1564717113360 1100628 跨行轉入  00000000000  00000002000  00001999680 B808 0000967968009195           203435
1564717113360 1100628 跨行轉入  00000000000  00000002000  00002001680 B808 0000657979163575           204139
1564717113360 1100628 跨行轉入  00000000000  00000000500  00002002180 B007 0000019250352596           204401
1564717113360 1100628 跨行轉入  00000000000  00000002000  00002004180 B017 0000003510934713           204837
1564717113360 1100628 網路轉帳  00000000000  00000000600  00002004780 B006 0460765885427              205405
1564717113360 1100628 跨行轉入  00000000000  00000006000  00002010780 B808 0000875968042478           205503
1564717113360 1100628 跨行轉入  00000000000  00000001000  00002011780 B822 0000288540533053           205601
1564717113360 1100628 跨行轉入  00000000000  00000003000  00002014780 B012 0000342168113623           205958
1564717113360 1100628 跨行轉入  00000000000  00000001000  00002015780 B004 8004000022642431           210131
1564717113360 1100628 跨行轉入  00000000000  00000001000  00002016780 B008 0000123200562466           210443
1564717113360 1100628 跨行轉入  00000000000  00000000500  00002017280 B012 0000580168096433           211001
1564717113360 1100628 跨行轉入  00000000000  00000000500  00002017780 B012 0000550210066900           211128
1564717113360 1100628 跨行轉入  00000000000  00000003000  00002020780 B700 0000016510040219           211230
1564717113360 1100628 跨行轉入  00000000000  00000000500  00002021280 B007 0000082110021845           211526
1564717113360 1100628 跨行轉入  00000000000  00000002000  00002023280 B822 0000178540076688           211602
1564717113360 1100628 跨行轉入  00000000000  00000003000  00002026280 B806 0000033220152640           212015
1564717113360 1100628 跨行轉入  00000000000  00000000500  00002026780 B812 0020201590017105           212017
1564717113360 1100628 跨行轉入  00000000000  00000003000  00002029780 B012 0000736168262597           212222
1564717113360 1100628 跨行轉入  00000000000  00000002000  00002031780 B807 0016801800024315           212504
1564717113360 1100628 跨行轉入  00000000000  00000001000  00002032780 B012 0081680000524340           212512
1564717113360 1100628 跨行轉入  00000000000  00000002000  00002034780 B822 0000141535717905           212714
1564717113360 1100628 跨行轉入  00000000000  00000000600  00002035380 B822 0000107540590999           212740
1564717113360 1100628 跨行轉入  00000000000  00000002000  00002037380 B808 0000934968079645           212840
1564717113360 1100628 跨行轉入  00000000000  00000000500  00002037880 B822 0000037540540831           212941
1564717113360 1100628 跨行轉入  00000000000  00000000500  00002038380 B013 0000001051000303           213001
1564717113360 1100628 跨行轉入  00000000000  00000005000  00002043380 B812 0021140100000044           213519
1564717113360 1100628 跨行轉入  00000000000  00000005000  00002048380 B013 0000022035008032           213807
1564717113360 1100628 跨行轉入  00000000000  00000000200  00002048580 B812 0020351000234848           214554
1564717113360 1100628 跨行轉入  00000000000  00000002000  00002050580 B700 7002106586431901           214939
1564717113360 1100628 跨行轉入  00000000000  00000001000  00002051580 B808 0000417979125167           215103
1564717113360 1100628 跨行轉入  00000000000  00000001500  00002053080 B013 0000125506244576           215113
1564717113360 1100628 跨行轉入  00000000000  00000002000  00002055080 B822 0000381540359202           215223
1564717113360 1100628 跨行轉入  00000000000  00000002000  00002057080 B808 0000118979068222           215412
1564717113360 1100628 跨行轉入  00000000000  00000003000  00002060080 B052 0005320000269683           215427
1564717113360 1100628 跨行轉入  00000000000  00000001000  00002061080 B808 0000989979010608           215643
1564717113360 1100628 跨行轉入  00000000000  00000001000  00002062080 B007 0000062657003205           215736
1564717113360 1100628 跨行轉入  00000000000  00000001000  00002063080 B812 0020061008189809           220146
1564717113360 1100628 網路轉帳  00000000000  00000000600  00002063680 B006 0420765191318              220413
1564717113360 1100628 跨行轉入  00000000000  00000002000  00002065680 B806 0020212000000953           220737
1564717113360 1100628 跨行轉入  00000000000  00000000600  00002066280 B807 0019601800044527           221052
1564717113360 1100628 跨行轉入  00000000000  00000003000  00002069280 B822 0000152540283620           221142
1564717113360 1100628 跨行轉入  00000000000  00000000500  00002069780 B007 0000010368210621           221704
1564717113360 1100628 跨行轉入  00000000000  00000001000  00002070780 B812 0028881009316616           222019
1564717113360 1100628 跨行轉入  00000000000  00000000500  00002071280 B013 0000699501896610           222525
1564717113360 1100628 跨行轉入  00000000000  00000002000  00002073280 B146 1162872034556              222530
1564717113360 1100628 跨行轉入  00000000000  00000001000  00002074280 B822 0000071540279498           222622
1564717113360 1100628 跨行轉入  00000000000  00000001000  00002075280 B700 0000027030899829           222823
1564717113360 1100628 跨行轉入  00000000000  00000002000  00002077280 B812 0020041000148610           223146
1564717113360 1100628 跨行轉入  00000000000  00000001500  00002078780 B806 0020222000035271           223223
1564717113360 1100628 跨行轉入  00000000000  00000002000  00002080780 B021 0000006000484502           223237
1564717113360 1100628 跨行轉入  00000000000  00000002000  00002082780 B021 0000006000484502           223404
1564717113360 1100628 跨行轉入  00000000000  00000001000  00002083780 B012 0000678168321437           223840
1564717113360 1100628 跨行轉入  00000000000  00000001000  00002084780 B812 0020121000855368           223900
1564717113360 1100628 跨行轉入  00000000000  00000002000  00002086780 B812 0028881002067686           224004
1564717113360 1100628 跨行轉入  00000000000  00000000500  00002087280 B012 0000705168084530           224110
1564717113360 1100628 跨行轉入  00000000000  00000000100  00002087380 B812 0028881004491934           224829
1564717113360 1100628 跨行轉入  00000000000  00000000500  00002087880 B822 0000129541372071           225014
1564717113360 1100628 跨行轉入  00000000000  00000001000  00002088880 B013 0000024509119101           225826
1564717113360 1100628 跨行轉入  00000000000  00000000500  00002089380 B812 0020061009004806           230014
1564717113360 1100628 跨行轉入  00000000000  00000002000  00002091380 B808 0000613968076242           230519
1564717113360 1100628 網路轉帳  00000000000  00000008200  00002099580 B006 梁逸婷大社現金             230652
1564717113360 1100628 跨行轉入  00000000000  00000000600  00002100180 B808 0000576979116380           231617
1564717113360 1100628 跨行轉入  00000000000  00000001500  00002101680 B700 0000811810348015           231940
1564717113360 1100628 跨行轉入  00000000000  00000000666  00002102346 B048 0001000352928888           232300
1564717113360 1100628 跨行轉入  00000000000  00000010000  00002112346 B013 0000014500856298           232817
1564717113360 1100628 跨行轉入  00000000000  00000010000  00002122346 B822 0000152609803488           232843
1564717113360 1100628 跨行轉入  00000000000  00000000500  00002122846 B812 0020911000147290           233011
1564717113360 1100628 跨行轉入  00000000000  00000003000  00002125846 B822 0000289540039640           233452
1564717113360 1100628 跨行轉入  00000000000  00000000600  00002126446 B808 0000691968055557           234206
1564717113360 1100628 跨行轉入  00000000000  00000003000  00002129446 B808 0000015976421719           234359
1564717113360 1100628 跨行轉入  00000000000  00000001000  00002130446 B822 0000576540228083           234735
1564717113360 1100628 跨行轉入  00000000000  00000000500  00002130946 B013 0000014500856298           234919
1564717113360 1100629 跨行轉入  00000000000  00000001000  00002131946 B700 0000015260356803           002605
1564717113360 1100629 跨行轉入  00000000000  00000001000  00002132946 B012 0000682168180350           002626
1564717113360 1100629 跨行轉入  00000000000  00000000500  00002133446 B807 0010001800404642           003757
1564717113360 1100629 跨行轉入  00000000000  00000000500  00002133946 B700 0002814000797592           004432
1564717113360 1100629 跨行轉入  00000000000  00000000500  00002134446 B812 0028881006164846           004633
1564717113360 1100629 跨行轉入  00000000000  00000000300  00002134746 B013 0000699508015465           005713
1564717113360 1100629 跨行轉入  00000000000  00000001000  00002135746 B013 0000059506204873           011544
1564717113360 1100629 跨行轉入  00000000000  00000001000  00002136746 B013 0000699500324299           011731
1564717113360 1100629 跨行轉入  00000000000  00000006000  00002142746 B822 0000071540360750           012030
1564717113360 1100629 跨行轉入  00000000000  00000000500  00002143246 B009 0083488601833600           012042
1564717113360 1100629 跨行轉入  00000000000  00000001000  00002144246 B700 0001910620101295           012623
1564717113360 1100629 跨行轉入  00000000000  00000002000  00002146246 B013 0000699500324299           012728
1564717113360 1100629 跨行轉入  00000000000  00000000500  00002146746 B004 8004000023751541           012857
1564717113360 1100629 跨行轉入  00000000000  00000003000  00002149746 B007 0000015010053908           014310
1564717113360 1100629 跨行轉入  00000000000  00000001000  00002150746 B822 0000657540063455           014550
1564717113360 1100629 跨行轉入  00000000000  00000001000  00002151746 B822 0000657540063455           014734
1564717113360 1100629 跨行轉入  00000000000  00000000500  00002152246 B822 0000174540487763           021945
1564717113360 1100629 跨行轉入  00000000000  00000000500  00002152746 B822 0000174540487763           022114
1564717113360 1100629 跨行轉入  00000000000  00000000500  00002153246 B822 0000174540487763           022141
1564717113360 1100629 跨行轉入  00000000000  00000000500  00002153746 B822 0000174540487763           022206
1564717113360 1100629 跨行轉入  00000000000  00000000500  00002154246 B812 0020321000129698           031215
1564717113360 1100629 跨行轉入  00000000000  00000000500  00002154746 B812 0020321000129698           031318
1564717113360 1100629 跨行轉入  00000000000  00000000500  00002155246 B812 0020321000129698           031526
1564717113360 1100629 跨行轉入  00000000000  00000000200  00002155446 B812 0020321000129698           031641
1564717113360 1100629 跨行轉入  00000000000  00000000500  00002155946 B822 0000285540126939           032249
1564717113360 1100629 跨行轉入  00000000000  00000001000  00002156946 B822 0000381540381539           043530
1564717113360 1100629 跨行轉入  00000000000  00000001000  00002157946 B822 0000749540398834           044539
1564717113360 1100629 跨行轉入  00000000000  00000000500  00002158446 B700 0003110350959500           065013
1564717113360 1100629 跨行轉入  00000000000  00000000500  00002158946 B700 0003110350959500           065150
1564717113360 1100629 跨行轉入  00000000000  00000000500  00002159446 B812 0020121000622220           071000
1564717113360 1100629 跨行轉入  00000000000  00000000500  00002159946 B812 0028881005899577           073930
1564717113360 1100629 跨行轉入  00000000000  00000001000  00002160946 B052 0001220000068649           075512
1564717113360 1100629 匯款      00000000000  00000002000  00002162946 B008 超詮科技股份有限           080024
1564717113360 1100629 跨行轉入  00000000000  00000002000  00002164946 B812 0021131000039914           080945
1564717113360 1100629 跨行轉入  00000000000  00000001000  00002165946 B808 0001045467001558           081102
1564717113360 1100629 跨行轉入  00000000000  00000001000  00002166946 B012 0081680001405850           083834
1564717113360 1100629 網路轉帳  00000000000  00000001000  00002167946 B006 5355765805334              083916
1564717113360 1100629 匯款      00000000000  00000005000  00002172946 B700 鄭榮宏　　　　　           083942
1564717113360 1100629 跨行轉入  00000000000  00000001000  00002173946 B008 0000166203607085           084652
1564717113360 1100629 跨行轉入  00000000000  00000002000  00002175946 B012 0000706104002641           084957
1564717113360 1100629 跨行轉入  00000000000  00000001000  00002176946 B812 0020041000093066           085414
1564717113360 1100629 跨行轉入  00000000000  00000002000  00002178946 B803 0000005500305593           085619
1564717113360 1100629 匯款      00000000000  00000002000  00002180946 B700 陳文吉　　　　　           091033
1564717113360 1100629 無摺現存  00000000000  00000000500  00002181446 0040 施正文                     092150
1564717113360 1100629 跨行轉入  00000000000  00000001000  00002182446 B812 0020941000263007           092758
1564717113360 1100629 跨行轉入  00000000000  00000005000  00002187446 B822 0000646540030732           092825
1564717113360 1100629 跨行轉入  00000000000  00000001000  00002188446 B812 0020941000263007           093348
1564717113360 1100629 跨行轉入  00000000000  00000003000  00002191446 B013 0000211506091129           094202
1564717113360 1100629 跨行轉入  00000000000  00000001000  00002192446 B012 0000672168011863           094949
1564717113360 1100629 跨行轉入  00000000000  00000001000  00002193446 B808 0000565979081090           095201
1564717113360 1100629 跨行轉入  00000000000  00000003000  00002196446 B103 0000161500067127           100946
1564717113360 1100629 跨行轉入  00000000000  00000002000  00002198446 B812 0020201000181136           101501
1564717113360 1100629 跨行轉入  00000000000  00000003000  00002201446 B806 0020972700040804           101557
1564717113360 1100629 跨行轉入  00000000000  00000000500  00002201946 B013 0000212506149492           101730
1564717113360 1100629 跨行轉入  00000000000  00000000300  00002202246 B822 0000015540285231           102228
1564717113360 1100629 跨行轉入  00000000000  00000001000  00002203246 B700 0000015430818961           103331
1564717113360 1100629 金融卡轉  00000000000  00000010000  00002213246 0914 凌見臣                     104034
1564717113360 1100629 跨行轉入  00000000000  00000010000  00002223246 B822 0000392540110760           104907
1564717113360 1100629 跨行轉入  00000000000  00000001000  00002224246 B822 0000153540049261           105048
1564717113360 1100629 跨行轉入  00000000000  00000000200  00002224446 B812 0028881004282444           110040
1564717113360 1100629 跨行轉入  00000000000  00000002000  00002226446 B012 0000490168074830           110131
1564717113360 1100629 網路轉帳  00000000000  00000010000  00002236446 B006 謝文怡捐款                 110145
1564717113360 1100629 跨行轉入  00000000000  00000001000  00002237446 B805 0006000400021956           110704
1564717113360 1100629 跨行轉入  00000000000  00000002000  00002239446 B013 0000034506042480           110725
1564717113360 1100629 跨行轉入  00000000000  00000010000  00002249446 B822 0000853540058536           110951
1564717113360 1100629 跨行轉入  00000000000  00000001000  00002250446 B013 0000258506097638           111025
1564717113360 1100629 跨行轉入  00000000000  00000002000  00002252446 B812 0020151000259000           111843
1564717113360 1100629 無摺現存  00000000000  00000003000  00002255446 1092 董鑑興                     111855
1564717113360 1100629 跨行轉入  00000000000  00000002000  00002257446 B011 0079203000010338           112115
1564717113360 1100629 網路轉帳  00000000000  00000005000  00002262446 B006 5470765157263              113334
1564717113360 1100629 跨行轉入  00000000000  00000020000  00002282446 B013 0000256506076972           113440
1564717113360 1100629 跨行轉入  00000000000  00000001000  00002283446 B822 0000509540141373           113712
1564717113360 1100629 跨行轉入  00000000000  00000001000  00002284446 B700 0000024270151357           114223
1564717113360 1100629 跨行轉入  00000000000  00000005000  00002289446 B700 0002810320258031           114326
1564717113360 1100629 跨行轉入  00000000000  00000002000  00002291446 B822 0000358540352164           114338
1564717113360 1100629 跨行轉入  00000000000  00000010000  00002301446 B012 0000741168700580           114348
1564717113360 1100629 跨行轉入  00000000000  00000000500  00002301946 B812 0028881005827240           114458
1564717113360 1100629 跨行轉入  00000000000  00000001000  00002302946 B013 0000699501938631           114604
1564717113360 1100629 跨行轉入  00000000000  00000005000  00002307946 B808 0000613979170303           114718
1564717113360 1100629 跨行轉入  00000000000  00000009000  00002316946 B013 0000137500010130           114914
1564717113360 1100629 跨行轉入  00000000000  00000010000  00002326946 B700 0000027170460835           115021
1564717113360 1100629 跨行轉入  00000000000  00000000500  00002327446 B812 0028881005769069           115301
1564717113360 1100629 跨行轉入  00000000000  00000001000  00002328446 B822 0000451540215438           115302
1564717113360 1100629 跨行轉入  00000000000  00000000500  00002328946 B822 0000598540267530           115615
1564717113360 1100629 跨行轉入  00000000000  00000001000  00002329946 B812 0020101000171750           115624
1564717113360 1100629 跨行轉入  00000000000  00000003000  00002332946 B822 0000565540233432           120229
1564717113360 1100629 跨行轉入  00000000000  00000001000  00002333946 B822 0000392540255560           120413
1564717113360 1100629 跨行轉入  00000000000  00000001000  00002334946 B700 0001914430255905           121032
1564717113360 1100629 跨行轉入  00000000000  00000000500  00002335446 B012 0000766168056390           121548
1564717113360 1100629 跨行轉入  00000000000  00000001300  00002336746 B013 0000699500324299           121605
1564717113360 1100629 跨行轉入  00000000000  00000017000  00002353746 B009 0052349500252000           121649
1564717113360 1100629 跨行轉入  00000000000  00000002500  00002356246 B822 0000392540303797           121725
1564717113360 1100629 跨行轉入  00000000000  00000002000  00002358246 B012 0000726168676752           121856
1564717113360 1100629 跨行轉入  00000000000  00000000800  00002359046 B009 0065208606507700           121901
1564717113360 1100629 跨行轉入  00000000000  00000001000  00002360046 B700 0000712130094928           121914
1564717113360 1100629 跨行轉入  00000000000  00000001000  00002361046 B812 0021021000230845           121943
1564717113360 1100629 跨行轉入  00000000000  00000003000  00002364046 B700 0003118930026298           122003
1564717113360 1100629 跨行轉入  00000000000  00000000500  00002364546 B013 0000103501085999           122246
1564717113360 1100629 跨行轉入  00000000000  00000001000  00002365546 B808 0000417979117697           122604
1564717113360 1100629 跨行轉入  00000000000  00000003000  00002368546 B048 0001000328378588           122650
1564717113360 1100629 跨行轉入  00000000000  00000003000  00002371546 B822 0000163540314193           122850
1564717113360 1100629 跨行轉入  00000000000  00000002000  00002373546 B812 0020321000129698           123338
1564717113360 1100629 跨行轉入  00000000000  00000001000  00002374546 B812 0020321000129698           123700
1564717113360 1100629 跨行轉入  00000000000  00000002000  00002376546 B103 0000727501157373           123832
1564717113360 1100629 跨行轉入  00000000000  00000001000  00002377546 B007 0000073150553695           124345
1564717113360 1100629 跨行轉入  00000000000  00000002000  00002379546 B807 0013300400334491           124539
1564717113360 1100629 跨行轉入  00000000000  00000000500  00002380046 B808 0000598979095076           124745
1564717113360 1100629 跨行轉入  00000000000  00000003000  00002383046 B700 0024415310046563           124908
1564717113360 1100629 跨行轉入  00000000000  00000010000  00002393046 B822 0000204540122464           125102
1564717113360 1100629 跨行轉入  00000000000  00000000200  00002393246 B808 0000059979184987           125353
1564717113360 1100629 跨行轉入  00000000000  00000002000  00002395246 B807 0001901800005696           125411
1564717113360 1100629 跨行轉入  00000000000  00000001000  00002396246 B808 0001078979068218           125423
1564717113360 1100629 跨行轉入  00000000000  00000020000  00002416246 B808 0000727979059726           125443
1564717113360 1100629 跨行轉入  00000000000  00000000900  00002417146 B013 0000699508083371           125653
1564717113360 1100629 跨行轉入  00000000000  00000001000  00002418146 B700 0001914430255905           125705
1564717113360 1100629 跨行轉入  00000000000  00000003000  00002421146 B806 0021252000023061           125936
1564717113360 1100629 跨行轉入  00000000000  00000002000  00002423146 B822 0000288540185155           130330
1564717113360 1100629 跨行轉入  00000000000  00000000200  00002423346 B808 0001230979125251           130730
1564717113360 1100629 跨行轉入  00000000000  00000001000  00002424346 B822 0000023540328533           130842
1564717113360 1100629 跨行轉入  00000000000  00000000500  00002424846 B013 0000699500608882           131500
1564717113360 1100629 跨行轉入  00000000000  00000002000  00002426846 B812 0005310101063100           132148
1564717113360 1100629 跨行轉入  00000000000  00000000500  00002427346 B822 0000130540044001           132432
1564717113360 1100629 跨行轉入  00000000000  00000001000  00002428346 B700 0001111180400750           132834
1564717113360 1100629 無摺現存  00000000000  00000003000  00002431346 0620                            133640
1564717113360 1100629 跨行轉入  00000000000  00000000500  00002431846 B822 0000277540175794           133734
1564717113360 1100629 跨行轉入  00000000000  00000001000  00002432846 B822 0000234540266332           134002
1564717113360 1100629 跨行轉入  00000000000  00000001000  00002433846 B812 0020811000070460           134414
1564717113360 1100629 跨行轉入  00000000000  00000002000  00002435846 B822 0000185532214807           134459
1564717113360 1100629 跨行轉入  00000000000  00000000500  00002436346 B812 0021111000060355           140746
1564717113360 1100629 跨行轉入  00000000000  00000001000  00002437346 B807 0014101800031963           140904
1564717113360 1100629 跨行轉入  00000000000  00000002000  00002439346 B012 0000717168194309           141205
1564717113360 1100629 跨行轉入  00000000000  00000000300  00002439646 B822 0000093540165014           141310
1564717113360 1100629 跨行轉入  00000000000  00000001500  00002441146 B700 0024410070784481           141519
1564717113360 1100629 跨行轉入  00000000000  00000003000  00002444146 B807 0014300400654151           141932
1564717113360 1100629 跨行轉入  00000000000  00000010000  00002454146 B013 0000240506121753           143102
1564717113360 1100629 跨行轉入  00000000000  00000003000  00002457146 B013 0000699500324299           143514
1564717113360 1100629 跨行轉入  00000000000  00000000300  00002457446 B806 0021342000032246           143558
1564717113360 1100629 跨行轉入  00000000000  00000001000  00002458446 B806 0020102710136990           144111
1564717113360 1100629 網路轉帳  00000000000  00000001000  00002459446 B006 1391988005358              144432
1564717113360 1100629 跨行轉入  00000000000  00000000300  00002459746 B822 0000175540455778           145140
1564717113360 1100629 跨行轉入  00000000000  00000001000  00002460746 B008 3102005336080019           145501
1564717113360 1100629 跨行轉入  00000000000  00000002000  00002462746 B007 0000021350316600           145703
1564717113360 1100629 跨行轉入  00000000000  00000000900  00002463646 B822 0000159540514020           150242
1564717113360 1100629 跨行轉入  00000000000  00000000500  00002464146 B013 0000019506122417           150248
1564717113360 1100629 匯款      00000000000  00000006000  00002470146 B700 億信興業有限公司           150549
1564717113360 1100629 跨行轉入  00000000000  00000000700  00002470846 B700 0001111660025764           152432
1564717113360 1100629 EDI入     00000000000  00000002000  00002472846 B006 常揚工業有限公司           152518
1564717113360 1100629 跨行轉入  00000000000  00000010000  00002482846 B013 0000034506342076           152825
1564717113360 1100629 跨行轉入  00000000000  00000000500  00002483346 B822 0000071540344161           152856
1564717113360 1100629 跨行轉入  00000000000  00000001000  00002484346 B052 0010220000999619           153316
1564717113360 1100629 跨行轉入  00000000000  00000000500  00002484846 B822 0000347540322723           153600
1564717113360 1100629 跨行轉入  00000000000  00000000010  00002484856 B812 0020301000201291           153757
1564717113360 1100629 跨行轉入  00000000000  00000000500  00002485356 B822 0000347540322723           154043
1564717113360 1100629 跨行轉入  00000000000  00000001000  00002486356 B012 0081680001413747           154249
1564717113360 1100629 跨行轉入  00000000000  00000000500  00002486856 B822 0000347540322723           154338
1564717113360 1100629 跨行轉入  00000000000  00000002000  00002488856 B808 0000071968328938           154658
1564717113360 1100629 跨行轉入  00000000000  00000002000  00002490856 B822 0000174540602030           154747
1564717113360 1100629 跨行轉入  00000000000  00000000500  00002491356 B822 0000347540322723           154810
1564717113360 1100629 跨行轉入  00000000000  00000000500  00002491856 B822 0000347540322723           155019
1564717113360 1100629 跨行轉入  00000000000  00000001000  00002492856 B822 0000174540602030           155139
1564717113360 1100629 跨行轉入  00000000000  00000001000  00002493856 B008 0000174200698533           155442
1564717113360 1100629 跨行轉入  00000000000  00000005000  00002498856 B807 0016500400012688           160304
1564717113360 1100629 網路轉帳  00000000000  00000000300  00002499156 B006 5377765759433              160458
1564717113360 1100629 網路轉帳  00000000000  00000000300  00002499456 B006 5377765759433              160714
1564717113360 1100629 跨行轉入  00000000000  00000005000  00002504456 B700 0002814310691285           160759
1564717113360 1100629 網路轉帳  00000000000  00000000300  00002504756 B006 5377765759433              160902
1564717113360 1100629 跨行轉入  00000000000  00000000500  00002505256 B807 0019801800605881           160946
1564717113360 1100629 跨行轉入  00000000000  00000000500  00002505756 B108 0006201000100055           161021
1564717113360 1100629 網路轉帳  00000000000  00000000300  00002506056 B006 5377765759433              161104
1564717113360 1100629 跨行轉入  00000000000  00000001000  00002507056 B812 0020941000265083           161223
1564717113360 1100629 網路轉帳  00000000000  00000000300  00002507356 B006 5377765759433              161250
1564717113360 1100629 跨行轉入  00000000000  00000001000  00002508356 B822 0000473540939297           161657
1564717113360 1100629 跨行轉入  00000000000  00000001000  00002509356 B822 3535765001694              162003
1564717113360 1100629 跨行轉入  00000000000  00000002000  00002511356 B822 0000864540072886           162159
1564717113360 1100629 網路轉帳  00000000000  00000003000  00002514356 B006 171 Jo                     162345
1564717113360 1100629 匯款      00000000000  00000001200  00002515556 1564 張玲琳                     162532
1564717113360 1100629 跨行轉入  00000000000  00000000500  00002516056 B009 0081265110386800           162754
1564717113360 1100629 跨行轉入  00000000000  00000000500  00002516556 B808 0000749979157535           162808
1564717113360 1100629 跨行轉入  00000000000  00000001000  00002517556 B808 0000314966001464           163328
1564717113360 1100629 跨行轉入  00000000000  00000007100  00002524656 B822 0000901561429135           163618
1564717113360 1100629 跨行轉入  00000000000  00000000500  00002525156 B812 0020171570000908           164300
1564717113360 1100629 跨行轉入  00000000000  00000005000  00002530156 B822 0000462540376285           164310
1564717113360 1100629 網路轉帳  00000000000  00000005000  00002535156 B006 少年之家                   164328
1564717113360 1100629 跨行轉入  00000000000  00000003600  00002538756 B807 0012900400287537           164812
1564717113360 1100629 跨行轉入  00000000000  00000000500  00002539256 B008 0000707208273538           165049
1564717113360 1100629 跨行轉入  00000000000  00000002000  00002541256 B812 0028881009562141           165345
1564717113360 1100629 跨行轉入  00000000000  00000005000  00002546256 B808 0001193979071715           172927
1564717113360 1100629 跨行轉入  00000000000  00000000500  00002546756 B017 0000003964006183           173117
1564717113360 1100629 跨行轉入  00000000000  00000000500  00002547256 B700 0000312660417831           173714
1564717113360 1100629 跨行轉入  00000000000  00000001000  00002548256 B004 0000079004568518           173853
1564717113360 1100629 跨行轉入  00000000000  00000003000  00002551256 B007 0000044150702401           174034
1564717113360 1100629 跨行轉入  00000000000  00000001000  00002552256 B012 0000410168221995           174357
1564717113360 1100629 跨行轉入  00000000000  00000001000  00002553256 B012 0000342168117211           174441
1564717113360 1100629 跨行轉入  00000000000  00000001000  00002554256 B822 0000142540053909           175204
1564717113360 1100629 跨行轉入  00000000000  00000001500  00002555756 B822 0000107540590999           175725
1564717113360 1100629 跨行轉入  00000000000  00000002000  00002557756 B812 0020081000185348           180158
1564717113360 1100629 跨行轉入  00000000000  00000001000  00002558756 B012 0000580210075514           180340
1564717113360 1100629 跨行轉入  00000000000  00000003000  00002561756 B812 0020351000220948           180650
1564717113360 1100629 跨行轉入  00000000000  00000002000  00002563756 B012 0000650168189294           180725
1564717113360 1100629 跨行轉入  00000000000  00000003000  00002566756 B822 0000015532461759           180805
1564717113360 1100629 跨行轉入  00000000000  00000000500  00002567256 B812 0020161000122751           181308
1564717113360 1100629 跨行轉入  00000000000  00000010000  00002577256 B822 0000204540095520           181417
1564717113360 1100629 跨行轉入  00000000000  00000002500  00002579756 B013 0000034506342076           181952
1564717113360 1100629 跨行轉入  00000000000  00000025000  00002604756 B822 0000267540032915           182054
1564717113360 1100629 跨行轉入  00000000000  00000000300  00002605056 B822 0000602540254882           182129
1564717113360 1100629 跨行轉入  00000000000  00000006000  00002611056 B700 0000014700446640           182427
1564717113360 1100629 跨行轉入  00000000000  00000003000  00002614056 B700 0000111070407060           183324
1564717113360 1100629 跨行轉入  00000000000  00000003000  00002617056 B806 0000168258277512           183718
1564717113360 1100629 跨行轉入  00000000000  00000002000  00002619056 B808 0000417968008442           183759
1564717113360 1100629 跨行轉入  00000000000  00000002000  00002621056 B013 0000209506190254           183842
1564717113360 1100629 跨行轉入  00000000000  00000000200  00002621256 B050 0000048062397392           183955
1564717113360 1100629 跨行轉入  00000000000  00000000500  00002621756 B700 0000911560203891           184304
1564717113360 1100629 跨行轉入  00000000000  00000001000  00002622756 B808 0000624979068774           184321
1564717113360 1100629 跨行轉入  00000000000  00000000600  00002623356 B007 0000015068168023           184459
1564717113360 1100629 跨行轉入  00000000000  00000000500  00002623856 B812 0020941000263187           184751
1564717113360 1100629 跨行轉入  00000000000  00000002000  00002625856 B013 0000699500324299           184858
1564717113360 1100629 跨行轉入  00000000000  00000001000  00002626856 B822 0000175540227333           190045
1564717113360 1100629 跨行轉入  00000000000  00000002000  00002628856 B013 0000068506054161           190202
1564717113360 1100629 跨行轉入  00000000000  00000000600  00002629456 B822 0000300540158756           190421
1564717113360 1100629 網路轉帳  00000000000  00000000300  00002629756 B006 5447765158357              191148
1564717113360 1100629 跨行轉入  00000000000  00000001600  00002631356 B700 0003010081031415           191716
1564717113360 1100629 跨行轉入  00000000000  00000000500  00002631856 B013 0000074506138438           192206
1564717113360 1100629 跨行轉入  00000000000  00000002000  00002633856 B812 0020731000136468           192347
1564717113360 1100629 跨行轉入  00000000000  00000001000  00002634856 B807 0013901800618465           192600
1564717113360 1100629 跨行轉入  00000000000  00000001000  00002635856 B007 0000014168156727           193342
1564717113360 1100629 跨行轉入  00000000000  00000001000  00002636856 B008 0000159201141222           193613
1564717113360 1100629 跨行轉入  00000000000  00000005000  00002641856 B822 0000727540353477           193811
1564717113360 1100629 跨行轉入  00000000000  00000005000  00002646856 B700 0001210062844462           193833
1564717113360 1100629 跨行轉入  00000000000  00000001000  00002647856 B822 0000178540156605           193838
1564717113360 1100629 跨行轉入  00000000000  00000000500  00002648356 B808 0000303979091448           194014
1564717113360 1100629 跨行轉入  00000000000  00000000500  00002648856 B808 0000303979091448           194044
1564717113360 1100629 跨行轉入  00000000000  00000000500  00002649356 B012 0000717168349035           194050
1564717113360 1100629 跨行轉入  00000000000  00000003000  00002652356 B012 0000752168124505           194800
1564717113360 1100629 跨行轉入  00000000000  00000002000  00002654356 B700 0001010032636522           200055
1564717113360 1100629 跨行轉入  00000000000  00000001000  00002655356 B812 0020321000129698           200138
1564717113360 1100629 跨行轉入  00000000000  00000003000  00002658356 B013 0000061506158892           200441
1564717113360 1100629 跨行轉入  00000000000  00000001000  00002659356 B822 0000026540580006           200819
1564717113360 1100629 跨行轉入  00000000000  00000001000  00002660356 B808 0000716979160363           200854
1564717113360 1100629 跨行轉入  00000000000  00000001000  00002661356 B822 0000026540580006           200957
1564717113360 1100629 跨行轉入  00000000000  00000000700  00002662056 B013 0000699502396483           202622
1564717113360 1100629 跨行轉入  00000000000  00000001000  00002663056 B013 0000011506158895           202729
1564717113360 1100629 跨行轉入  00000000000  00000001000  00002664056 B822 0000417540322682           202826
1564717113360 1100629 跨行轉入  00000000000  00000001200  00002665256 B808 0000152979177883           203510
1564717113360 1100629 跨行轉入  00000000000  00000000800  00002666056 B822 0000565540267288           203833
1564717113360 1100629 跨行轉入  00000000000  00000001000  00002667056 B812 0028881003305021           204022
1564717113360 1100629 跨行轉入  00000000000  00000000500  00002667556 B822 0000613540574849           204048
1564717113360 1100629 跨行轉入  00000000000  00000001000  00002668556 B808 0001078979092429           204230
1564717113360 1100629 跨行轉入  00000000000  00000005000  00002673556 B005 0000324008010617           204604
1564717113360 1100629 跨行轉入  00000000000  00000007100  00002680656 B012 0000650168234656           205223
1564717113360 1100629 跨行轉入  00000000000  00000001200  00002681856 B822 0000300540134042           205259
1564717113360 1100629 跨行轉入  00000000000  00000001000  00002682856 B007 0000040457004348           205550
1564717113360 1100629 跨行轉入  00000000000  00000001000  00002683856 B822 0000037540396904           205652
1564717113360 1100629 跨行轉入  00000000000  00000002000  00002685856 B008 0000179200021398           205704
1564717113360 1100629 跨行轉入  00000000000  00000000200  00002686056 B812 0028881001047435           205923
1564717113360 1100629 跨行轉入  00000000000  00000002000  00002688056 B700 0001010032500952           210101
1564717113360 1100629 跨行轉入  00000000000  00000000200  00002688256 B013 0000699508015465           210324
1564717113360 1100629 跨行轉入  00000000000  00000000500  00002688756 B822 0000056540310990           210416
1564717113360 1100629 跨行轉入  00000000000  00000000534  00002689290 B806 0020942000079258           210532
1564717113360 1100629 跨行轉入  00000000000  00000001000  00002690290 B005 0000029005598131           211129
1564717113360 1100629 跨行轉入  00000000000  00000000500  00002690790 B013 0000245506063640           211431
1564717113360 1100629 跨行轉入  00000000000  00000000200  00002690990 B013 0000699508015465           211520
1564717113360 1100629 網路轉帳  00000000000  00000001000  00002691990 B006 1346765604505              211938
1564717113360 1100629 網路轉帳  00000000000  00000001000  00002692990 B006 愛心捐款                   211940
1564717113360 1100629 跨行轉入  00000000000  00000001800  00002694790 B808 0000565979045774           212532
1564717113360 1100629 跨行轉入  00000000000  00000000600  00002695390 B808 0000598467013604           212716
1564717113360 1100629 跨行轉入  00000000000  00000000500  00002695890 B822 0000705540039865           212819
1564717113360 1100629 跨行轉入  00000000000  00000000600  00002696490 B812 0006510024900300           213214
1564717113360 1100629 跨行轉入  00000000000  00000001000  00002697490 B822 0000598540338304           213233
1564717113360 1100629 跨行轉入  00000000000  00000000600  00002698090 B812 0006510024900300           213332
1564717113360 1100629 跨行轉入  00000000000  00000002000  00002700090 B013 0000034506361615           213403
1564717113360 1100629 跨行轉入  00000000000  00000000600  00002700690 B812 0006510024900300           213442
1564717113360 1100629 跨行轉入  00000000000  00000000222  00002700912 B004 8004000010890455           213506
1564717113360 1100629 跨行轉入  00000000000  00000001000  00002701912 B822 0000624611138608           213644
1564717113360 1100629 跨行轉入  00000000000  00000003000  00002704912 B812 0020781000165816           214038
1564717113360 1100629 跨行轉入  00000000000  00000000600  00002705512 B812 0028881006057164           214652
1564717113360 1100629 跨行轉入  00000000000  00000001000  00002706512 B012 0000711168960704           214656
1564717113360 1100629 跨行轉入  00000000000  00000001000  00002707512 B012 0000510168134884           214732
1564717113360 1100629 跨行轉入  00000000000  00000002000  00002709512 B052 0004320000219591           215006
1564717113360 1100629 跨行轉入  00000000000  00000002000  00002711512 B808 0000370979103502           215130
1564717113360 1100629 跨行轉入  00000000000  00000001000  00002712512 B822 0000392540585191           215205
1564717113360 1100629 跨行轉入  00000000000  00000003000  00002715512 B700 7002009262446463           215407
1564717113360 1100629 跨行轉入  00000000000  00000000500  00002716012 B812 0028881002462847           215407
1564717113360 1100629 跨行轉入  00000000000  00000003000  00002719012 B009 0093015018137100           215504
1564717113360 1100629 跨行轉入  00000000000  00000010000  00002729012 B822 0000130510832887           220130
1564717113360 1100629 跨行轉入  00000000000  00000002000  00002731012 B808 0000244968152039           220251
1564717113360 1100629 跨行轉入  00000000000  00000000500  00002731512 B700 0000210880542813           220350
1564717113360 1100629 跨行轉入  00000000000  00000000500  00002732012 B808 0000598467028289           220832
1564717113360 1100629 跨行轉入  00000000000  00000002500  00002734512 B700 0001410091282724           220842
1564717113360 1100629 跨行轉入  00000000000  00000001000  00002735512 B822 0000278540040679           221039
1564717113360 1100629 跨行轉入  00000000000  00000000500  00002736012 B007 0000022168120970           221240
1564717113360 1100629 跨行轉入  00000000000  00000003000  00002739012 B812 0028881000244489           221557
1564717113360 1100629 跨行轉入  00000000000  00000000666  00002739678 B822 0000252540041526           221938
1564717113360 1100629 跨行轉入  00000000000  00000001000  00002740678 B013 0000212506039255           222133
1564717113360 1100629 跨行轉入  00000000000  00000030000  00002770678 B102 0000961000223619           222227
1564717113360 1100629 跨行轉入  00000000000  00000001000  00002771678 B013 0000212506039255           222235
1564717113360 1100629 跨行轉入  00000000000  00000001000  00002772678 B013 0000212506039255           222337
1564717113360 1100629 跨行轉入  00000000000  00000000600  00002773278 B822 0000293540012378           222644
1564717113360 1100629 跨行轉入  00000000000  00000001000  00002774278 B822 0000266540299636           222651
1564717113360 1100629 跨行轉入  00000000000  00000001000  00002775278 B812 0028881000680628           223442
1564717113360 1100629 跨行轉入  00000000000  00000015000  00002790278 B812 0001610108647600           223507
1564717113360 1100629 跨行轉入  00000000000  00000000300  00002790578 B812 0020751001152903           223653
1564717113360 1100629 跨行轉入  00000000000  00000000200  00002790778 B822 0000129541616313           223740
1564717113360 1100629 跨行轉入  00000000000  00000001000  00002791778 B009 0079190157775900           224311
1564717113360 1100629 跨行轉入  00000000000  00000005000  00002796778 B808 0000174966711734           224346
1564717113360 1100629 跨行轉入  00000000000  00000001000  00002797778 B700 0000027030211101           224535
1564717113360 1100629 跨行轉入  00000000000  00000001000  00002798778 B007 0000015050200332           224917
1564717113360 1100629 跨行轉入  00000000000  00000002000  00002800778 B700 0000710011460907           225551
1564717113360 1100629 跨行轉入  00000000000  00000001000  00002801778 B812 0020261000110622           225633
1564717113360 1100629 網路轉帳  00000000000  00000001500  00002803278 B006 0992765645011              225657
1564717113360 1100629 跨行轉入  00000000000  00000001000  00002804278 B013 0000212506039255           225833
1564717113360 1100629 跨行轉入  00000000000  00000000500  00002804778 B808 0001322979089177           230556
1564717113360 1100629 跨行轉入  00000000000  00000000900  00002805678 B812 0028881002586975           230633
1564717113360 1100629 跨行轉入  00000000000  00000002000  00002807678 B822 0000277540814424           230930
1564717113360 1100629 跨行轉入  00000000000  00000001000  00002808678 B822 0000439540387511           231101
1564717113360 1100629 跨行轉入  00000000000  00000003000  00002811678 B822 0000587540183748           231111
1564717113360 1100629 跨行轉入  00000000000  00000001000  00002812678 B822 0000160540244091           231604
1564717113360 1100629 跨行轉入  00000000000  00000003300  00002815978 B808 0001078968008983           231636
1564717113360 1100629 跨行轉入  00000000000  00000000500  00002816478 B808 0000048979035393           231748
1564717113360 1100629 跨行轉入  00000000000  00000001000  00002817478 B808 0000875968042478           231755
1564717113360 1100629 跨行轉入  00000000000  00000002000  00002819478 B808 0000875968042478           231850
1564717113360 1100629 跨行轉入  00000000000  00000000400  00002819878 B013 0000246506361272           232341
1564717113360 1100629 跨行轉入  00000000000  00000001200  00002821078 B007 0000015168061782           232421
1564717113360 1100629 跨行轉入  00000000000  00000002000  00002823078 B812 0020151000902269           232446
1564717113360 1100629 跨行轉入  00000000000  00000003000  00002826078 B822 0000141535440007           233320
1564717113360 1100629 跨行轉入  00000000000  00000002000  00002828078 B822 0000130540265819           233332
1564717113360 1100629 跨行轉入  00000000000  00000008000  00002836078 B822 0000129541470944           233353
1564717113360 1100629 跨行轉入  00000000000  00000000600  00002836678 B808 0001104979110397           233449
1564717113360 1100629 跨行轉入  00000000000  00000001000  00002837678 B822 0000576540227987           233533
1564717113360 1100629 跨行轉入  00000000000  00000001000  00002838678 B822 0000392540347025           233637
1564717113360 1100629 跨行轉入  00000000000  00000001000  00002839678 B822 0000015536524906           233655
1564717113360 1100629 跨行轉入  00000000000  00000001541  00002841219 B700 0000415830281549           233701
1564717113360 1100629 跨行轉入  00000000000  00000000400  00002841619 B012 0000360168903010           233712
1564717113360 1100629 跨行轉入  00000000000  00000001000  00002842619 B808 0000392979025304           233831
1564717113360 1100629 跨行轉入  00000000000  00000000500  00002843119 B812 0020291000112627           234138
1564717113360 1100629 跨行轉入  00000000000  00000000500  00002843619 B017 0000001413150121           234316
1564717113360 1100629 跨行轉入  00000000000  00000000500  00002844119 B806 0021212700294865           234335
1564717113360 1100629 跨行轉入  00000000000  00000014000  00002858119 B016 0000212102031706           234422
1564717113360 1100629 跨行轉入  00000000000  00000000100  00002858219 B700 7002012263325491           234654
1564717113360 1100629 跨行轉入  00000000000  00000000500  00002858719 B009 0079190096041000           234939
1564717113360 1100629 跨行轉入  00000000000  00000002000  00002860719 B822 0000794540214251           234948
1564717113360 1100629 跨行轉入  00000000000  00000000600  00002861319 B808 0000989979027931           235127
1564717113360 1100629 跨行轉入  00000000000  00000001000  00002862319 B822 0000263540268576           235209
1564717113360 1100629 跨行轉入  00000000000  00000001000  00002863319 B808 0000141979210619           235510
1564717113360 1100629 跨行轉入  00000000000  00000001000  00002864319 B700 0003013630242721           235837
1564717113360 1100630 跨行轉入  00000000000  00000000400  00002864719 B017 0000001710813786           000300
1564717113360 1100630 跨行轉入  00000000000  00000001000  00002865719 B004 8004000062130260           000626
1564717113360 1100630 跨行轉入  00000000000  00000001000  00002866719 B809 0000006533950809           001320
1564717113360 1100630 跨行轉入  00000000000  00000003000  00002869719 B822 0000067540230632           001635
1564717113360 1100630 跨行轉入  00000000000  00000006000  00002875719 B808 0001333979015400           003335
1564717113360 1100630 跨行轉入  00000000000  00000002000  00002877719 B822 0000107540563939           003423
1564717113360 1100630 跨行轉入  00000000000  00000001000  00002878719 B822 0000163540422690           003943
1564717113360 1100630 跨行轉入  00000000000  00000003190  00002881909 B822 0000115540282587           013220
1564717113360 1100630 網路轉帳  00000000000  00000005000  00002886909 B006 0670765421646              030051
1564717113360 1100630 跨行轉入  00000000000  00000000800  00002887709 B822 0000230540137067           035914
1564717113360 1100630 跨行轉入  00000000000  00000002000  00002889709 B822 0251717039702              081243
1564717113360 1100630 跨行轉入  00000000000  00000001000  00002890709 B808 0000886979082695           083918
1564717113360 1100630 跨行轉入  00000000000  00000000500  00002891209 B808 0000048979037625           085329
1564717113360 1100630 跨行轉入  00000000000  00000001000  00002892209 B012 0000733221045375           090827
1564717113360 1100630 跨行轉入  00000000000  00000001000  00002893209 B012 0000733221045375           092003
1564717113360 1100630 跨行轉入  00000000000  00000000500  00002893709 B822 0000347540322723           100901
1564717113360 1100630 跨行轉入  00000000000  00000002000  00002895709 B822 0000727540292318           101420
1564717113360 1100630 跨行轉入  00000000000  00000000500  00002896209 B812 0020321000129698           102132
1564717113360 1100630 跨行轉入  00000000000  00000000500  00002896709 B812 0020321000129698           104536
1564717113360 1100630 跨行轉入  00000000000  00000000500  00002897209 B012 0000673168426105           105755
1564717113360 1100630 跨行轉入  00000000000  00000005000  00002902209 B808 0000244966498806           110004
1564717113360 1100630 跨行轉入  00000000000  00000001000  00002903209 B103 0000985500282100           114338
1564717113360 1100630 跨行轉入  00000000000  00000002000  00002905209 B081 0000888872926789           120110
1564717113360 1100630 匯款      00000000000  00000020000  00002925209 B017 棨揚企業有限公司           120903
1564717113360 1100630 跨行轉入  00000000000  00000001000  00002926209 B822 0000901540432693           121522
1564717113360 1100630 跨行轉入  00000000000  00000000500  00002926709 B822 0000901540432693           121908
1564717113360 1100630 匯款      00000000000  00000008000  00002934709 B812 李錫琴　　　　　           122224
1564717113360 1100630 跨行轉入  00000000000  00000001000  00002935709 B004 0000065004338197           122736
1564717113360 1100630 跨行轉入  00000000000  00000001000  00002936709 B007 0000027957014237           122750
1564717113360 1100630 跨行轉入  00000000000  00000003000  00002939709 B822 0000598540083332           123158
1564717113360 1100630 跨行轉入  00000000000  00000002000  00002941709 B013 0000699505423473           124418
1564717113360 1100630 跨行轉入  00000000000  00000001000  00002942709 B013 0000216506089312           124434
1564717113360 1100630 跨行轉入  00000000000  00000010000  00002952709 B822 0000901561429135           124510
1564717113360 1100630 跨行轉入  00000000000  00000005000  00002957709 B822 0000901561429135           124715
1564717113360 1100630 跨行轉入  00000000000  00000001000  00002958709 B013 0000001506206355           131659
1564717113360 1100630 匯款      00000000000  00000010000  00002968709 B013 環欣除蟲有限公司           131659
1564717113360 1100630 匯款      00000000000  00000001000  00002969709 1564 李榮梅                     143617
1564717113360 1100630 跨行轉入  00000000000  00000001000  00002970709 B822 0000820540308662           144253
1564717113360 1100630 跨行轉入  00000000000  00000002000  00002972709 B700 0000715030395791           144750
1564717113360 1100630 無摺現存  00000000000  00000003000  00002975709 5159 駱博鍼                     144909
1564717113360 1100630 跨行轉入  00000000000  00000001000  00002976709 B012 0000687168139620           145424
1564717113360 1100630 跨行轉入  00000000000  00000001000  00002977709 B004 0000153004383247           151354
1564717113360 1100630 跨行轉入  00000000000  00000000300  00002978009 B013 0000699508015465           151656
1564717113360 1100630 匯款      00000000000  00000001000  00002979009 B809 吳怡璇　　　　　           152441
1564717113360 1100630 跨行轉入  00000000000  00000010000  00002989009 B021 0000006001010032           153906
1564717113360 1100630 跨行轉入  00000000000  00000010000  00002999009 B807 0002400400239164           153928
1564717113360 1100630 跨行轉入  00000000000  00000000500  00002999509 B822 0000668540216864           155226
1564717113360 1100630 跨行轉入  00000000000  00000000500  00003000009 B822 0000668540216864           155449
1564717113360 1100630 跨行轉入  00000000000  00000001000  00003001009 B822 0000716540243543           161237
1564717113360 1100630 跨行轉入  00000000000  00000003600  00003004609 B808 0000587440001626           161250
1564717113360 1100630 跨行轉入  00000000000  00000003000  00003007609 B822 0000901561429135           165430
1564717113360 1100630 跨行轉入  00000000000  00000001000  00003008609 B812 0020321000129698           180803
1564717113360 1100630 跨行轉入  00000000000  00000000200  00003008809 B012 0081680001413747           181018
1564717113360 1100630 跨行轉入  00000000000  00000011000  00003019809 B700 7001909610408923           181517
1564717113360 1100630 跨行轉入  00000000000  00000001000  00003020809 B013 0000248500087112           182917
1564717113360 1100630 跨行轉入  00000000000  00000011300  00003032109 B700 0001213000260736           183447
1564717113360 1100630 跨行轉入  00000000000  00000001000  00003033109 B808 0000266979164583           184159
1564717113360 1100630 跨行轉入  00000000000  00000001000  00003034109 B009 0054188601145500           193326
1564717113360 1100630 跨行轉入  00000000000  00000000100  00003034209 B812 0020911066590146           193427
1564717113360 1100630 跨行轉入  00000000000  00000000500  00003034709 B812 0028881002546910           193532
1564717113360 1100630 跨行轉入  00000000000  00000000500  00003035209 B822 0000090540210470           193919
1564717113360 1100630 跨行轉入  00000000000  00000005000  00003040209 B700 0000018780419616           194927
1564717113360 1100630 跨行轉入  00000000000  00000002000  00003042209 B822 0000277531142189           200627
1564717113360 1100630 跨行轉入  00000000000  00000000600  00003042809 B822 0000462540232604           200935
1564717113360 1100630 跨行轉入  00000000000  00000000100  00003042909 B822 0000197540126315           201614
1564717113360 1100630 跨行轉入  00000000000  00000001000  00003043909 B812 0028881008715533           202424
1564717113360 1100630 跨行轉入  00000000000  00000000500  00003044409 B103 0000161501139181           202532
1564717113360 1100630 跨行轉入  00000000000  00000001000  00003045409 B808 0001090979025236           204830
1564717113360 1100630 跨行轉入  00000000000  00000001000  00003046409 B013 0000019506105482           210909
1564717113360 1100630 跨行轉入  00000000000  00000000500  00003046909 B013 0000699505131120           212244
1564717113360 1100630 跨行轉入  00000000000  00000001000  00003047909 B812 0020261000104482           212857
1564717113360 1100630 跨行轉入  00000000000  00000002000  00003049909 B052 0002020000488156           212858
1564717113360 1100630 跨行轉入  00000000000  00000001000  00003050909 B050 0000002762374709           213225
1564717113360 1100630 跨行轉入  00000000000  00000002000  00003052909 B809 0000007530962608           214413
1564717113360 1100630 網路轉帳  00000000000  00000002000  00003054909 B006 梁逸婷現金梁妤萌           215715
1564717113360 1100630 跨行轉入  00000000000  00000001000  00003055909 B808 0000174979116323           220549
1564717113360 1100630 跨行轉入  00000000000  00000000500  00003056409 B822 0000901561429135           221233
1564717113360 1100630 跨行轉入  00000000000  00000001000  00003057409 B822 0000680540014028           221406
1564717113360 1100630 跨行轉入  00000000000  00000005000  00003062409 B013 0000699510461685           222724
1564717113360 1100630 跨行轉入  00000000000  00000001000  00003063409 B700 0001210231225264           225546
1564717113360 1100630 跨行轉入  00000000000  00000003000  00003066409 B822 0000204540030705           225708
1564717113360 1100630 跨行轉入  00000000000  00000002000  00003068409 B812 0021081000414780           225907
1564717113360 1100630 跨行轉入  00000000000  00000001000  00003069409 B812 0020121000808689           230444
1564717113360 1100630 跨行轉入  00000000000  00000001000  00003070409 B008 0000117200206945           231656
1564717113360 1100630 跨行轉入  00000000000  00000000600  00003071009 B017 0000003910139235           232927
1564717113360 1100630 跨行轉入  00000000000  00000002000  00003073009 B812 0020071070013824           233020
1564717113360 1100630 跨行轉入  00000000000  00000001000  00003074009 B822 0000230540084327           233251
1564717113360 1100630 跨行轉入  00000000000  00000001000  00003075009 B013 0000204502102723           233930
1564717113360 1100630 跨行轉入  00000000000  00000001000  00003076009 B052 0002020000488156           234048
1564717113360 1100630 跨行轉入  00000000000  00000002000  00003078009 B822 0000129541318417           234820
1564717113360 1100630 跨行轉入  00000000000  00000000500  00003078509 B812 0020281000164771           234828
1564717113360 1100630 跨行轉入  00000000000  00000000500  00003079009 B812 0020321000129698           235650
1564717113360 1100701 跨行轉入  00000000000  00000002000  00003081009 B007 0000027168187311           004316
1564717113360 1100701 跨行轉入  00000000000  00000010000  00003091009 B822 0000034540344292           010946
1564717113360 1100701 跨行轉入  00000000000  00000002000  00003093009 B013 0000699505741408           020758
1564717113360 1100701 跨行轉入  00000000000  00000001000  00003094009 B012 0000717168253550           025526
1564717113360 1100701 跨行轉入  00000000000  00000002000  00003096009 B822 0000299541176903           080440
1564717113360 1100701 跨行轉入  00000000000  00000005000  00003101009 B017 0000004610200504           094446
1564717113360 1100701 跨行轉入  00000000000  00000002000  00003103009 B812 0008410120663300           100923
1564717113360 1100701 無摺現存  00000000000  00000001000  00003104009 1210                            101614
1564717113360 1100701 跨行轉入  00000000000  00000001000  00003105009 B013 0000212506003722           101729
1564717113360 1100701 跨行轉入  00000000000  00000002000  00003107009 B803 0000047505003765           102619
1564717113360 1100701 跨行轉入  00000000000  00000000620  00003107629 B822 0000045540159159           103940
1564717113360 1100701 跨行轉入  00000000000  00000001000  00003108629 B012 0000725168335665           104950
1564717113360 1100701 跨行轉入  00000000000  00000000200  00003108829 B822 0000314540400047           105953
1564717113360 1100701 匯款      00000000000  00000041366  00003150195 B017 陳志昱　　　　　           110213
1564717113360 1100701 匯款      00000000000  00000001000  00003151195 1564 陳棟樑                     121745
1564717113360 1100701 匯款      00000000000  00000003000  00003154195 B812 簡秀娟　　　　　           123342
1564717113360 1100701 跨行轉入  00000000000  00000001000  00003155195 B822 0000277540953424           124033
1564717113360 1100701 跨行轉入  00000000000  00000001000  00003156195 B013 0000266506059933           124949
1564717113360 1100701 跨行轉入  00000000000  00000000300  00003156495 B803 0000888500567144           132736
1564717113360 1100701 跨行轉入  00000000000  00000000500  00003156995 B007 0000027150632894           133159
1564717113360 1100701 跨行轉入  00000000000  00000001000  00003157995 B052 0006520000165959           142012
1564717113360 1100701 匯款      00000000000  00000005000  00003162995 B052 陳玉麗　　　　　           143218
1564717113360 1100701 跨行轉入  00000000000  00000003000  00003165995 B004 0000050008141388           144713
1564717113360 1100701 跨行轉入  00000000000  00000000200  00003166195 B822 0000543540286731           151100
1564717113360 1100701 跨行轉入  00000000000  00000003000  00003169195 B822 0000901535344709           153317
1564717113360 1100701 跨行轉入  00000000000  00000003000  00003172195 B822 0000901561429135           153515
1564717113360 1100701 跨行轉入  00000000000  00000001000  00003173195 B822 0000521540056200           153946
1564717113360 1100701 跨行轉入  00000000000  00000003600  00003176795 B048 0001000376487288           161601
1564717113360 1100701 跨行轉入  00000000000  00000005000  00003181795 B807 0014000461026498           161943
1564717113360 1100701 跨行轉入  00000000000  00000003000  00003184795 B822 0000071533735897           163848
1564717113360 1100701 跨行轉入  00000000000  00000002000  00003186795 B222 0000044110211960           170417
1564717113360 1100701 跨行轉入  00000000000  00000003000  00003189795 B822 0000204540030653           175712
1564717113360 1100701 跨行轉入  00000000000  00000002000  00003191795 B700 0000313090419421           180006
1564717113360 1100701 跨行轉入  00000000000  00000002000  00003193795 B808 0000406968155176           192406
1564717113360 1100701 跨行轉入  00000000000  00000001000  00003194795 B822 0000204540070820           192527
1564717113360 1100701 跨行轉入  00000000000  00000001000  00003195795 B013 0000226506288515           192734
1564717113360 1100701 跨行轉入  00000000000  00000004600  00003200395 B013 0000037506135371           192816
1564717113360 1100701 跨行轉入  00000000000  00000000500  00003200895 B013 0000105501095482           193841
1564717113360 1100701 跨行轉入  00000000000  00000000300  00003201195 B812 0020321000129698           194211
1564717113360 1100701 跨行轉入  00000000000  00000000300  00003201495 B808 0000196968034750           200038
1564717113360 1100701 跨行轉入  00000000000  00000001200  00003202695 B822 0000101540246016           200110
1564717113360 1100701 跨行轉入  00000000000  00000001000  00003203695 B812 0020321000129698           210745
1564717113360 1100701 跨行轉入  00000000000  00000003000  00003206695 B004 0000220004098835           211102
1564717113360 1100701 跨行轉入  00000000000  00000001000  00003207695 B822 0000241540108315           213858
1564717113360 1100701 跨行轉入  00000000000  00000007500  00003215195 B108 0001642000015247           215359
1564717113360 1100701 跨行轉入  00000000000  00000001000  00003216195 B812 0021031000405304           222722
1564717113360 1100701 跨行轉入  00000000000  00000001000  00003217195 B812 0020321000129698           230248
1564717113360 1100701 跨行轉入  00000000000  00000005000  00003222195 B009 0062045136500100           230547
1564717113360 1100701 跨行轉入  00000000000  00000004000  00003226195 B011 0026203000544657           231525
1564717113360 1100702 跨行轉入  00000000000  00000003000  00003229195 B822 0000120540102458           003456
1564717113360 1100702 跨行轉入  00000000000  00000001000  00003230195 B700 0024413450126372           081134
1564717113360 1100702 跨行轉入  00000000000  00000000500  00003230695 B812 0020451000024285           125953
1564717113360 1100702 現金支出  00000038000  00000000000  00003192695 0060                            134953
1564717113360 1100702 跨行轉入  00000000000  00000050000  00003242695 B807 0012501800038923           141047
1564717113360 1100702 跨行轉入  00000000000  00000014000  00003256695 B807 0012501800038923           141154
1564717113360 1100702 現金支出  00000003527  00000000000  00003253168 0060                            143559
1564717113360 1100702 轉帳支出  00000015030  00000000000  00003238138 0060                            144109
1564717113360 1100702 跨行轉入  00000000000  00000001000  00003239138 B808 0000657979029583           163204
1564717113360 1100702 跨行轉入  00000000000  00000020000  00003259138 B700 0000210120346045           183912
1564717113360 1100702 跨行轉入  00000000000  00000030000  00003289138 B822 0000532540487554           185916
1564717113360 1100702 跨行轉入  00000000000  00000002500  00003291638 B822 0000267540032915           190901
1564717113360 1100702 跨行轉入  00000000000  00000001000  00003292638 B822 0000727540187737           191332
1564717113360 1100702 跨行轉入  00000000000  00000001000  00003293638 B807 0013601800000686           194819
1564717113360 1100702 跨行轉入  00000000000  00000002000  00003295638 B812 0020321000129698           204618
1564717113360 1100702 跨行轉入  00000000000  00000001000  00003296638 B700 0003110490838185           225205
1564717113360 1100703 跨行轉入  00000000000  00000000300  00003296938 B807 0013100400234858           123959
1564717113360 1100703 跨行轉入  00000000000  00000005000  00003301938 B005 0000131005099789           131725
1564717113360 1100703 跨行轉入  00000000000  00000001000  00003302938 B008 0000195200112735           140619
1564717113360 1100703 跨行轉入  00000000000  00000003000  00003305938 B081 0000008085136388           144448
1564717113360 1100703 跨行轉入  00000000000  00000000100  00003306038 B012 0081680001413747           173328
1564717113360 1100703 跨行轉入  00000000000  00000001500  00003307538 B822 0000532540487554           205730
1564717113360 1100703 跨行轉入  00000000000  00000000500  00003308038 B807 0006801800253663           213936
1564717113360 1100703 跨行轉入  00000000000  00000020000  00003328038 B808 0001171979214574           224041
1564717113360 1100704 跨行轉入  00000000000  00000002000  00003330038 B808 0001115979148286           015541
1564717113360 1100704 跨行轉入  00000000000  00000002000  00003332038 B013 0000115506093556           042325
1564717113360 1100704 跨行轉入  00000000000  00000000500  00003332538 B005 0000062008027477           090105
1564717113360 1100704 跨行轉入  00000000000  00000001500  00003334038 B700 0003110490598290           104323
1564717113360 1100704 跨行轉入  00000000000  00000002000  00003336038 B822 0080765718469              105913
1564717113360 1100704 跨行轉入  00000000000  00000000100  00003336138 B013 0000048051001276           132356
1564717113360 1100704 跨行轉入  00000000000  00000001000  00003337138 B808 0000875968042478           141920
1564717113360 1100704 跨行轉入  00000000000  00000003000  00003340138 B808 0000705968098176           155925
1564717113360 1100704 跨行轉入  00000000000  00000001000  00003341138 B808 0000705968098176           160335
1564717113360 1100704 跨行轉入  00000000000  00000005000  00003346138 B822 0000901540335871           161642
1564717113360 1100704 跨行轉入  00000000000  00000000600  00003346738 B822 0000078540131432           170449
1564717113360 1100704 跨行轉入  00000000000  00000000500  00003347238 B048 0001000081526388           172338
1564717113360 1100704 跨行轉入  00000000000  00000001000  00003348238 B812 0021011600215301           175623
1564717113360 1100704 跨行轉入  00000000000  00000003000  00003351238 B700 0000016480032200           180346
1564717113360 1100704 跨行轉入  00000000000  00000005000  00003356238 B822 0000532540487554           183940
1564717113360 1100704 跨行轉入  00000000000  00000002000  00003358238 B013 0000212506146213           192120
1564717113360 1100704 跨行轉入  00000000000  00000002000  00003360238 B012 0081680000429577           195351
1564717113360 1100704 網路轉帳  00000000000  00000000500  00003360738 B006 善心人士施郁晏             195545
1564717113360 1100704 跨行轉入  00000000000  00000030000  00003390738 B700 0000210120346045           195722
1564717113360 1100704 跨行轉入  00000000000  00000000500  00003391238 B013 0000045506153488           202222
1564717113360 1100704 跨行轉入  00000000000  00000001000  00003392238 B013 0000057506060241           215246
1564717113360 1100704 跨行轉入  00000000000  00000001000  00003393238 B812 0028881004021548           222151
1564717113360 1100704 跨行轉入  00000000000  00000000222  00003393460 B013 0000068506138853           230739
1564717113360 1100704 跨行轉入  00000000000  00000000500  00003393960 B822 0000819540121258           233915
1564717113360 1100704 跨行轉入  00000000000  00000001000  00003394960 B803 0000035500088389           235818
1564717113360 1100705 跨行轉入  00000000000  00000001000  00003395960 B822 0000783540297771           000215
1564717113360 1100705 跨行轉入  00000000000  00000001000  00003396960 B700 0003110830637340           002542
1564717113360 1100705 跨行轉入  00000000000  00000001000  00003397960 B822 0000679540094253           073115
1564717113360 1100705 跨行轉入  00000000000  00000001500  00003399460 B700 0000810690277870           101811
1564717113360 1100705 跨行轉入  00000000000  00000001000  00003400460 B822 0000152540269686           102018
1564717113360 1100705 跨行轉入  00000000000  00000001300  00003401760 B013 0000699502643251           130545
1564717113360 1100705 跨行轉入  00000000000  00000000300  00003402060 B007 0000015257001722           143923
1564717113360 1100705 跨行轉入  00000000000  00000002000  00003404060 B822 0000296540065115           145957
1564717113360 1100705 跨行轉入  00000000000  00000001000  00003405060 B700 0001210710518223           193037
1564717113360 1100705 跨行轉入  00000000000  00000000500  00003405560 B812 0020321000129698           232259
1564717113360 1100705 跨行轉入  00000000000  00000001000  00003406560 B812 0020321000129698           232435
1564717113360 1100705 跨行轉入  00000000000  00000003000  00003409560 B812 0020321000129698           232555
1564717113360 1100705 跨行轉入  00000000000  00000000500  00003410060 B812 0020321000129698           232713
1564717113360 1100705 跨行轉入  00000000000  00000000200  00003410260 B812 0020321000129698           232824
1564717113360 1100705 跨行轉入  00000000000  00000002000  00003412260 B812 0020321000129698           232946
1564717113360 1100705 跨行轉入  00000000000  00000000500  00003412760 B012 0081680001049468           233041
1564717113360 1100706 跨行轉入  00000000000  00000001200  00003413960 B008 0000777200288150           132848
1564717113360 1100706 跨行轉入  00000000000  00000003200  00003417160 B812 0028881007211060           135833
1564717113360 1100706 跨行轉入  00000000000  00000001000  00003418160 B013 0000220506013658           140643
1564717113360 1100706 跨行轉入  00000000000  00000001000  00003419160 B803 0000090508511045           160909
1564717113360 1100706 跨行轉入  00000000000  00000000800  00003419960 B822 0000263540154392           205224
1564717113360 1100707 跨行轉入  00000000000  00000002000  00003421960 B053 0000135280006677           115443
1564717113360 1100707 跨行轉入  00000000000  00000022000  00003443960 B822 0000624540156735           140620
1564717113360 1100707 跨行轉入  00000000000  00000001800  00003445760 B812 0020901000217457           230735
1564717113360 1100707 跨行轉入  00000000000  00000000300  00003446060 B822 0000716540072280           234112
1564717113360 1100708 跨行轉入  00000000000  00000003000  00003449060 B808 0000691979149116           002218
1564717113360 1100708 跨行轉入  00000000000  00000003000  00003452060 B822 0000200540157970           150636
1564717113360 1100708 跨行轉入  00000000000  00000000200  00003452260 B812 0020631060066747           152705
1564717113360 1100708 跨行轉入  00000000000  00000007000  00003459260 B013 0000218506221621           174418
1564717113360 1100708 跨行轉入  00000000000  00000000355  00003459615 B822 0000023540433884           175146
1564717113360 1100709 跨行轉入  00000000000  00000001500  00003461115 B822 0000026540434068           094042
1564717113360 1100710 跨行轉入  00000000000  00000000500  00003461615 B822 0000657540205514           124029
1564717113360 1100710 跨行轉入  00000000000  00000001000  00003462615 B700 0000111240379591           125808
1564717113360 1100710 跨行轉入  00000000000  00000000500  00003463115 B012 0000673168696668           175550
1564717113360 1100710 跨行轉入  00000000000  00000000500  00003463615 B700 0000027210328671           230121
1564717113360 1100711 跨行轉入  00000000000  00000001000  00003464615 B016 0000214210636366           171141
1564717113360 1100713 跨行轉入  00000000000  00000008000  00003472615 B822 0000576540240168           153804
1564717113360 1100713 跨行轉入  00000000000  00000002000  00003474615 B700 0000027030547105           164930
1564717113360 1100714 跨行轉入  00000000000  00000002000  00003476615 B005 0000134005020731           165219
1564717113360 1100714 跨行轉入  00000000000  00000002000  00003478615 B822 0160765890818              210500
1564717113360 1100715 跨行轉入  00000000000  00000005000  00003483615 B812 0020781000165816           091230
1564717113360 1100719 跨行轉入  00000000000  00000001000  00003484615 B822 0000532540487554           224008
1564717113360 1100720 跨行轉入  00000000000  00000000500  00003485115 B824 0000111000003081           222509
1564717113360 1100721 跨行轉入  00000000000  00000000300  00003485415 B007 0000021157004844           120134
1564717113360 1100724 跨行轉入  00000000000  00000000100  00003485515 B812 0028881009290277           154603
1564717113360 1100724 跨行轉入  00000000000  00000000200  00003485715 B008 0000199200118751           202610
1564717113360 1100726 轉帳支出  00000750030  00000000000  00002735685 0060                            130308
1564717113360 1100726 轉帳支出  00001000030  00000000000  00001735655 0060                            130328
1564717113360 1100726 轉帳支出  00001000030  00000000000  00000735625 0060                            130342
1564717113360 1100727 跨行轉入  00000000000  00000001000  00000736625 B012 0000713210013918           203951
